[[generators]]
P_max = 385.0
P = [192.5, 288.75, 310.0, 385.0]
SFOC = [193.0, 191.0, 191.0, 198.0]
P_min = 192.5
[[generators]]
P_max = 385.0
P = [192.5, 288.75, 310.0, 385.0]
SFOC = [193.0, 191.0, 191.0, 198.0]
P_min = 192.5

[run]
label = "Test"
git_hash = "252b333fa85cff7ffefc3b17d691b74a6d862ccd"
git_dirty = true
date = "2026-03-17"
description = "Initial test run of quarto report setup with 2 gensets and 4-day load profile."

[battery]
eta_ch = 0.95
E_init = 470.0
P_dis_max = 100.0
eta_dis = 0.95
dt = 1.0
E_max = 940.0
soc_penalty = 10.0
P_ch_max = 100.0
SOC_min = 0.2
SOC_ref = 0.35
SOC_max = 0.9

[solver]
status = "OPTIMAL"
solve_time_s = 0.25669002532958984
objective = 7.911689238685144e6
