[[generators]]
P_max = 385.0
P = [192.5, 288.75, 310.0, 385.0]
SFOC = [193.0, 191.0, 191.0, 198.0]
P_min = 192.5
[[generators]]
P_max = 385.0
P = [192.5, 288.75, 310.0, 385.0]
SFOC = [193.0, 191.0, 191.0, 198.0]
P_min = 192.5

[run]
label = "baseline"
date = "2026-03-17"
description = ""

[battery]
eta_ch = 0.95
E_init = 470.0
P_dis_max = 100.0
eta_dis = 0.95
dt = 1.0
E_max = 940.0
soc_penalty = 10.0
P_ch_max = 100.0
SOC_min = 0.2
SOC_ref = 0.35
SOC_max = 0.9

[solver]
status = "OPTIMAL"
solve_time_s = 0.2833549976348877
objective = 7.911689238685144e6
